 2900
 3800
 3000
 2100
 1900
 2700
 2200
 2200
 4700
 1500
 3200
 3600
 2300
 1900
 1900
 2500
 2700
 2300
 3300
 3100
 3000
 2400
 2800
 2600
 2600
 3700
 1700
 2200
 1900
 2200
 1900
 2600
 1900
 2100
 2700
 3500
 3200
 2700
 2900
 2900
 1700
 2300
 3000
 2800
 1900
 2800
 1800
 2400
 2500
 2800
 3600
 1700
 3900
 2600
 3500
 3900
 2900
 1500
 2300
 3200
 3100
 1600
 3500
 2300
 2900
 1600
 3800
 2600
 4200
 2300
 3200
 3700
 3300
 2800
 4400
 3300
 3900
 2200
 4900
 2400
 2600
 2700
 2700
 1600
 2800
 1850
 1700
 2500
 1900
 1900
 2200
 4700
 4500
 2900
 2900
 2300
 2700
 3500
 3550
 2600
 3700
 2700
 2000
 2000
 4000
 2100
 3700
 2600
 3300
 2100
 4000
 2600
 3900
 2700
 2600
 3900
 3200
 2000
 1700
 3600
 1700
 4000
 1700
 1700
 1600
 1600
 1600
 1600
 2600
 3300
 1900
 2900
 2600
