c 0.2 0.1 118 111 128 0.7 6.9  25 3 3.75 0.5723 
c 0.1 0.07 151 143 155 1 13  100 3 3.984375 0.765 
c 0.05 0.05 198 189 190 2 100   3 5.6925 1.1385 
c 0.2 0.1 116 93 118 0.6 8.5  25 3 2.8125 0.4688 
c 0.1 0.07 158 126 151 1.1 19  100 3 4.24875 0.6953 
c 0.05 0.05 223 173 186 1.7 90.5   3 5 1.215 
c 0.2 0.1 94 121 127 0.5 9  25 3 2.86875 0.5738 
c 0.1 0.07 126 155 153 1 22.5  100 3 3.75 0.5625 
c 0.05 0.05 171 207 188 1.6 85.5   3 4.8468752 0.846 
c 0.5 0.2 55 55 128 0.3 2.9  12 1 2.295 0.459 
c 0.25 0.09 45 80 137 0.7 9.9  50 1 2.6325 0.5265 
c 0.125 0.06 167 137 155 1.1 32   1 4.995 0.999 
c 0.5 0.2 63 50 120 0.3 3.2  12 1 1.5675 0.3135 
c 0.25 0.09 46 75 128 0.6 10  50 1 2.8125 0.375 
c 0.125 0.06 169 130 163 1 29.5   1 3.465 0.693 
c 0.5 0.2 85 73 120 0.3 1.8  12 1 1.89 0.378 
c 0.25 0.09 117 105 160 1.1 30  50 1 4 0.711 
c 0.125 0.06 166 154 195 1.5 39.5   1 5.4 1.296 
c 0.5 0.2 103 70 102 0.3 3.5  25 1 1.89 0.378 
c 0.5 0.2 103 70 102 0.3 3.8  25 1 1.89 0.378 
c 0.2 0.07 161 139 146 0.7 18.5   1 3.94875 0.7898 
c 0.2 0.07 135 154 181 0.7 25.5   1 3.94875 0.7898 
c 0.5 0.15 112 60 120 0.3 2  50 1 2.22 0.444 
c 0.2 0.07 182 133 163 1.2 38   1 3.9375 1.26 
c 0.5 0.15 110 97 111 2 6.9  50 3 3.24375 0.6488 
c 0.2 0.07 167 153 155 3.5 65   3 5.07375 0.9225 
c 0.2 0.1 112 96 111 0.4 6  50 1 2.775 0.555 
c 0.1 0.06 193 151 155 0.8 30   1 4 0.729 
c 0.1 0.06 201 154 155 0.7 21   1 4 0.729 
c 0.5 0.1 126 120 137 0.6 12  50 3 3 0.4838 
c 0.5 0.1 125 129 137 0.7 40  50 3 3 0.4838 
c 0.2 0.06 182 175 181 1 29.5   3 3.75 0.6 
c 0.2 0.06 177 195 181 1.2 55   3 3.75 0.6 
c 0.5 0.15 86 89 146 0.4 7  25 3 2.775 0.555 
c 0.25 0.07 117 120 172 0.8 20  100 3 3.2906251 0.6581 
c 0.125 0.05 180 173 207 1.3 60   3 4.43625 0.6143 
c 0.5 0.15 105 76 130 0.5 9  25 3 3.54375 0.7088 
c 0.25 0.07 137 111 156 0.9 19.5  100 3 3.7125 0.7425 
c 0.125 0.05 204 156 191 1.4 62   3 4.89375 0.8222 
c 0.3 0.1 107 108 172 0.6 7.5  50 1 3.375 0.675 
c 0.1 0.06 178 162 216 1.3 40   1 5.4234376 1.1681 
c 0.3 0.1 96 109 116 0.6 9.9  50 3 4 0.8505 
c 0.3 0.1 96 109 116 0.6 9.9  50 3 4 0.8505 
c 0.1 0.06 169 190 177 1.1 19.9   3 4.7 1.296 
c 0.1 0.06 170 193 177 1.1 19.9   3 4.7 1.296 
c 0.5 0.1 80 41 251 0.5 5.5  50 1 3.84 0.768 
c 0.2 0.06 156 90 295 1 12   1 4.5890627 1.0013 
c 0.5 0.2 83 73 120 0.8 7.5  25 1 4.8150005 0.963 
c 0.2 0.07 161 150 181 1.6 55  100 1 5 1.5975 
c 0.6 0.15 131 112 128 0.5 5.4  25 3 3.0375004 0.6075 
c 0.3 0.07 153 136 155 0.8 8.6  100 3 3.7125 0.7425 
c 0.15 0.05 202 167 181 1.2 18.6   3 6.21 1.242 
c 0.4 0.15 121 99 111 0.3 5.4  50 3 2.88 0.576 
c 0.2 0.07 165 146 155 1 29.5   3 4.734375 0.9469 
c 0.5 0.15 100 100 155 1 30  50 3 4.3931251 0.7988 
c 0.2 0.07 179 143 172 1.5 12.5   3 4.32 0.864 
c 0.5 0.1 109 78 67 0.2 0.8  50 3 2.25 0.45 
c 0.5 0.1 108 81 67 0.2 1  50 3 2.25 0.45 
c 0.2 0.06 167 134 111 0.7 33.3   3 4.5 1.008 
c 0.2 0.06 201 142 111 0.7 66.6   3 4.5 1.008 
c 0.5 0.15 92 78 120 0.4 4.2  50 3 3 0.6 
c 0.5 0.15 99 78 120 0.4 4.2  50 3 3 0.6 
c 0.2 0.07 150 136 163 1 32   3 3.9975 0.7995 
c 0.2 0.07 158 136 163 1.1 33   3 3.9975 0.7995 
c 0.5 0.1 122 95 137 0.8 19.6  50 3 3.75 0.5456 
c 0.2 0.06 191 162 190 1.7 76.6   3 4.5 0.9765 
c 0.5 0.1 148 82 120 0.5 28  50 3 3.628125 0.7256 
c 0.2 0.06 207 138 163 1 32   3 4.3125 0.69 
c 0.3 0.1 136 93 146 0.7 19  50 3 4.125 0.8775 
c 0.1 0.06 227 166 207 1.9 155   3 5.55 0.999 
c 0.5 0.15 101 82 120 0.6 12.4  25 3 3.75 0.75 
c 0.25 0.07 130 123 163 1 20  100 3 5.5125 1.1025 
c 0.125 0.05 182 184 207 1.3 54   3 6.1275 1.2255 
c 0.5 0.99 195 82 93 0.9 19.5  25 3 4.5 0.672 
c 0.25 0.07 232 117 120 1.3 56.5  100 3 5.00625 1.0013 
c 0.1 0.05 271 167 146 1.5 48   3 4.78125 0.765 
c 0.5 0.1 137 82 172 0.8 19.5  25 3 3.3000004 0.6188 
c 0.25 0.07 177 125 190 1.5 70.5  100 3 4.7775 0.819 
c 0.1 0.05 234 159 207 1.6 130   3 4.7 0.8678 
c 0.5 0.15 139 61 137 0.7 4  25 3 3.38625 0.6773 
c 0.25 0.07 172 92 163 1 6.4  100 3 4.875 0.975 
c 0.125 0.05 207 135 190 1.7 15.5   3 5.355 0.819 
c 0.5 0.15 97 149 120 0.9 45.5  50 3 3.445312 0.4725 
c 0.2 0.07 166 209 190 1.6 55   3 4.92 0.738 
c 0.5 0.1 132 132 120 0.4 20  25 1 2.93625 0.5873 
c 0.5 0.1 132 132 120 0.4 20.3  25 1 2.93625 0.5873 
c 0.25 0.07 164 164 146 1 105  100 1 5.2275 1.0455 
c 0.25 0.07 164 164 146 1 110  100 1 5.2275 1.0455 
c 0.125 0.05 211 198 190 1.4 300   1 4.725 0.945 
c 0.125 0.05 211 198 190 1.7 316   1 4.725 0.945 
c 0.4 0.1 170 127 137 1 30  50 3 3.7 0.5681 
c 0.15 0.06 207 162 163 1.7 95   3 4.2 0.6075 
c 0.5 0.1 109 98 207 1.2 36  50 3 3.5 1.185 
c 0.2 0.06 177 180 216 1.6 78.5   3 4.78125 0.7013 
c 0.5 0.1 165 121 93 0.3 6  50 3 3.42 0.684 
c 0.2 0.06 223 169 137 1 60   3 4.125 0.66 
c 0.3 0.09 124 115 141 0.8 15   3 3.39 0.678 
c 0.5 0.1 158 83 111 1.4 39.2  50 3 4.62 0.594 
c 0.2 0.06 218 140 155 1.8 85.2   3 4.82625 0.7722 
c 0.5 0.09 85 121 163 1.1 90  50 3 3.75 0.4125 
c 0.2 0.06 139 177 207 1.7 120   3 3.9375 0.7875 
c 0.5 0.1 135 90 190 0.9 30  50 3 4.4100008 0.882 
c 0.5 0.1 135 90 190 0.7 42  50 3 4.4100008 0.882 
c 0.2 0.06 190 172 233 1.2 30   3 6.45 1.14 
c 0.2 0.06 190 172 233 1 52   3 6.45 1.14 
c 0.5 0.1 116 134 102 0.3 4  50 3 2.898 0.5796 
c 0.2 0.06 186 256 137 1.5 132.5   3 4.725 0.945 
c 0.4 0.1 186 67 102 1.3 0.1  25 3 4.5 0.675 
c 0.2 0.07 223 107 128 1.6 0.1  100 3 5.625 0.765 
c 0.1 0.05 261 149 155 1.5 40.5   3 6 0.693 
c 0.2 0.09 85 232 111 8.8 210  50 5 5.625 0.987 
c 0.5 0.1 89 136 155 1 32.4  50 3 3.9375 0.63 
c 0.2 0.06 144 193 198 1.6 75.6   3 4.98 0.9338 
c 0.5 0.15 181 124 102 0.4 6.5  50 3 3.915 0.783 
c 0.2 0.07 240 181 146 1.3 60   3 6.2 0.9788 
c 0.5 0.1 109 111 120 0.5 10.4  50 3 3 0.5063 
c 0.2 0.06 173 173 155 1.2 66.6   3 5 0.828 
c 0.5 0.1 107 125 155 0.4 2.5  50 3 3.8625 0.7725 
c 0.2 0.06 233 149 216 2 120   3 4.5 0.7605 
c 0.2 0.06 230 153 216 10.9 415.6   3 4.5 0.7605 
c 0.4 0.1 90 144 137 0.4 6.5  50 3 2.625 0.444 
c 0.15 0.06 144 186 155 1 45   3 3.2 0.525 
c 0.15 0.06 144 186 155 1 34   3 3.2 0.525 
c 0.2 0.09 224 181 137 1.5 49.8   5 4.66875 0.6225 
c 0.2 0.09 193 197 137 1.4 50.2   5 4 0.6885 
c 0.2 0.09 108 137 207 1.2 65.5   3 5.625 0.69 
c 0.5 0.1 119 141 120 0.6 1  50 3 3.6 0.72 
c 0.2 0.06 174 197 163 1.2 9.5   3 4.65 0.93 
c 0.5 0.1 140 127 190 1 115  25 3 5.25 0.75 
c 0.05 0.06 222 171 233 1.9 120  100 3 5.925 1.185 
c 0.2 0.09 60 128 487 1.1 34.6  50 5 4.125 0.72 
c 0.4 0.09 183 169 163 1 35   3 4.875 1.095 
c 0.2 0.09 181 165 233 2.2 80   3 6 0.864 
c 0.5 0.1 129 103 102 0.4 8  25 3 2.775 0.2775 
c 0.2 0.06 187 156 146 1.2 25  100 3 4.3125 0.69 
c 0.5 0.15 123 110 128 0.6 15  50 3 2.5 0.405 
c 0.2 0.07 175 147 190 1.3 39   3 4 0.594 
c 0.5 0.15 137 112 102 0.8 34.5  50 3 3.3000004 0.6188 
c 0.2 0.06 210 184 155 1.1 80   3 4.00125 0.7275 
c 0.3 0.09 192 205 120 1.3 54.5   5 4.33875 0.6675 
c 0.3 0.09 218 170 172 1.5 56  50 5 5.7 1.14 
c 0.3 0.09 223 151 163 1.4 40.6   5 4.89375 0.9788 
c 0.2 0.09 198 158 163 1.1 30  100 5 4.22625 0.8453 
c 0.2 0.09 206 154 163 1.3 44.5  100 5 4.95 0.99 
c 0.3 0.09 238 182 163 1.5 55   5 4.24125 0.522 
c 0.3 0.09 198 183 181 1.4 88.4   3 4.4859376 0.8613 
c 0.7 0.15 29 85 85 0.9 10  400 1 3.21 0.642 
c 0.1 0.07 237 186 216 6.5 235   1 4.5 0.72 
c 0.05 0.09 165 174 277 2.5 220   5 6.5625 1.05 
c 0.2 0.1 91 91 134 0.3 4   3 3.01875 0.6038 
c 0.4 0.1 104 114 146 0.3 6.5  25 5 3.15 0.63 
c 0.125 0.06 205 161 277 1 29   5 3.5437496 0.5198 
c 0.125 0.06 232 182 163 0.8 24.5   5 3.3000004 0.495 
c 0.125 0.06 246 179 163 0.9 25   5 2.93625 0.4568 
c 0.4 0.09 153 136 163 0.8 36.5  25 3 4.125 0.825 
c 0.4 0.09 155 153 111 0.4 7.5  50 5 2.25 0.333 
c 0.15 0.05 207 201 172 1 35   5 3.75 0.5625 
c 0.4 0.09 148 140 102 0.5 11.5  50 5 2.53125 0.5063 
c 0.15 0.05 220 186 155 1.3 40.5   5 4.265625 0.6825 
c 0.2 0.09 221 159 190 1.8 59   5 5.25 0.5985 
c 0.05 0.09 190 169 330 2.1 460   5 5.55 1.11 
c 0.03 0.1 192 236 207 1.7 55.4   20 3.7125 0.594 
c 0.03 0.1 253 185 207 1.6 52.6   20 3.88125 0.7763 
c 0.03 0.1 251 181 207 2 60   20 5.23125 0.93 
c 0.4 0.09 119 91 121 1.8 3.3  25 5 3.121875 0.4163 
c 0.1 0.06 163 135 156 4 16.5  100 5 5.625 0.8438 
c 0.05 0.05 263 198 209 2.2 210   5 4.5 0.63 
c 0.06 0.1 300 182 214 2 122   20 5.55 0.555 
c 1  210 210 225 0.4 4   20 2.9081249 0.423 
c 0.2 0.1 92 122 128 0.89 6.4  25 3 2.8875 0.555 
c 0.125 0.07 122 155 155 1.19 15.8  100 3 4.1925 0.555 
c 0.05 0.05 168 202 190 1.8 100.5   3 4.7906251 0.555 
c 0.2 0.1 116 93 118 0.51 7.9  25 3 3.6 0.555 
c 0.125 0.07 158 126 151 0.89 19  100 3 2.775 0.555 
c 0.05 0.05 223 173 186 1.7 79.5   3 4 0.555 
c 0.2 0.1 117 109 137 0.61 9.5  25 3 2.9711249 0.555 
c 0.125 0.07 150 142 163 1.09 25  100 3 3.819375 0.555 
c 0.05 0.05 205 188 198 2.31 88.8   3 5.07375 0.555 
c 0.5 0.2 79 73 111 0.79 6  25 1 3.267 0.555 
c 0.15 0.07 148 125 198 1.8 32.5   1 3.454875 0.555 
c 0.5 0.15 67 88 155 0.71 21.2  50 1 4.125 0.555 
c 0.15 0.07 145 156 225 1.6 40.8   1 4 0.555 
c 0.5 0.2 72 118 120 0.99 10.8  25 1 3.375 0.555 
c 0.15 0.07 107 179 146 1.4 35.6   1 4 0.555 
c 0.5 0.2 105 73 120 0.51 8.5  50 1 2.775 0.555 
c 0.15 0.07 161 124 172 1.09 33.5   1 3.375 0.555 
c 0.1 0.05 194 178 198 1.8 75   1 5 0.555 
c 0.4 0.1 106 97 181 0.51 12  50 3 3.75 0.555 
c 0.15 0.07 146 137 268 1.19 22.5   3 3.75 0.555 
c  0.05 77 53 85 0.3 2  25 1 2.775 0.555 
c  0.05 75 79 137 0.3 3  25 1 3.375 0.555 
c  0.05 69 32 207 0.3 1  25 1 3 0.555 
c  0.05 67 116 111 0.3 1.5  25 3 3 0.555 
c 0.05 0.05 139 181 146 0.61 3.2  100 3 3.375 0.555 
c 0.4 0.15 134 89 120 0.2 2  50 3 3.15 0.555 
c 0.15 0.07 192 146 163 1.5 15   3 5 0.555 
c 0.5 0.1 114 79 146 0.61 7.8  25 5 3.375 0.555 
c 0.25 0.07 145 109 172 0.79 13.3  100 5 3.2 0.555 
c 0.125 0.05 211 169 207 1.4 61.5   5 4.44 0.555 
c 0.05 0.05 169 186 181 0.41 5.8   3 2.775 0.555 
c 0.5 0.1 37 93 172 0.41 8.5  25 3 3.15 0.555 
c 0.15 0.07 112 152 225 0.79 28.5   3 3.6 0.555 
c 0.125 0.05 167 176 172 1.19 38   5 4.05 0.555 
c 0.1 0.05 174 179 207 1.09 33.9   3 4.5 0.555 
c 0.5 0.12 67 94 111 0.41 0.5  25 3 4.5 0.555 
c 0.25 0.07 91 120 146 0.61 1  100 3 4.5 0.555 
c 0.125 0.05 118 183 181 0.79 3   3 3.5625 0.555 
c 0.2 0.09 136 112 146 0.79 11.5   3 3.42 0.555 
c 0.5 0.09 55 55 102 0.3 1.8  50 3 2.4 0.555 
c 0.1 0.07 185 135 181 0.79 8.5   3 3.75 0.555 
c 0.3 0.1 154 94 163 1.19 38   3 5 0.555 
c 0.4 0.1 75 66 146 0.41 8.5  50 3 3.375 0.555 
c 0.15 0.07 152 143 216 1.4 75   3 4.5 0.555 
c  0.05 261 175 163 0.89 26.5   5 3.5625 0.555 
c  0.05 126 240 216 0.99 27   5 3.5 0.555 
c 0.2 0.1 175 87 155 0.51 2.1  100 3 2.775 0.555 
c 0.1 0.05 177 180 216 2.01 79.5   3 4.2 0.555 
c 0.3 0.07 167 154 155 0.71 1  100 3 3.75 0.555 
c 0.3 0.1 136 91 134 0.51 5   5 4.125 0.555 
c 0.25 0.07 60 106 382 1.3 28.5   3 4.3125 0.555 
c 0.3 0.07 182 133 172 1.5 41.5   3 4.5 0.555 
c 0.4 0.12 108 122 137 0.61 7.2  50 5 3 0.555 
c 0.15 0.07 161 205 181 1.19 125.8   5 4.7 0.555 
c 0.3 0.2 131 128 225 1.5 14   3 4.5 0.555 
c 0.2 0.07 143 184 163 1.09 64.8  100 5 4.125 0.555 
c 0.1 0.05 148 272 181 9.19 400   5 6 0.555 
c 0.4 0.1 137 85 155 0.61 7.8  50 3 4.125 0.555 
c 0.15 0.08 212 131 207 1.4 48.7   3 4.5 0.555 
c 0.3 0.08 184 138 163 0.51 3.9   3 4.125 0.555 
c 0.05 0.05 236 181 172 2.01 125   5 4 0.555 
c 0.3 0.07 17 396 85 0.61 20.5   3 3.75 0.555 
c 0.3 0.09 234 179 190 1.5 54   3 5.25 0.555 
c 0.2 0.07 189 146 146 0.89 28  100 3 3.42 0.555 
c 0.5 0.2 142 93 155 0.61 8.8  50 3 4 0.555 
c 0.15 0.07 236 144 207 1.8 125.8   3 3.15 0.555 
c 0.3 0.1 118 71 120 0.71 35  50 1 3.375 0.555 
c 0.125 0.06 139 191 137 0.79 55   1 4.5 0.555 
c 0.3 0.1 90 69 137 0.41 6.5  50 3 4.125 0.555 
c 0.125 0.06 181 138 225 1.09 55.8   3 3.91875 0.555 
c 0.3 0.12 118 156 146 0.61 5   3 2.9925 0.555 
c 0.5 0.1 127 69 111 0.61 12  50 1 2.5 0.555 
c 0.15 0.07 197 141 181 0.89 28.5   1 4.5 0.555 
c 0.2 0.2 128 90 128 0.89 16   5 3.74625 0.555 
c 0.3 0.07 148 226 163 2.11 220   5 4.6 0.555 
c 0.2 0.09 148 226 163 1.7 50.5   5 4.5 0.555 
c 0.4 0.1 152 83 128 0.61 10.8  50 3 3 0.555 
c 0.15 0.06 224 144 181 1.4 35   3 4.5 0.555 
c 0.1 0.05 194 194 181 1.8 152   3 4.875 0.555 
c 0.5 0.2 107 98 207 0.51 33.5  50 3 3.75 0.555 
c 0.125 0.07 214 185 207 1.09 120   3 5.4 0.555 
c 0.05 0.05 198 180 198 0.61 32.5  100 3 3.75 0.555 
c 0.3 0.08 192 131 177 1.4 71.2   3 3.65 0.555 
c 0.25 0.07 40 83 146 1.19 58   3 4.05 0.555 
c  0.2 64 64 111 0.71 21  25 5 2.9 0.555 
c 0.1 0.05 173 207 137 1.4 48   5 4.5 0.555 
c  0.2 153 91 128 0.41 6  25 5 3 0.555 
c  0.2 135 101 128 0.61 23.5  25 5 3.375 0.555 
c  0.2 151 99 128 0.71 21.4  25 5 3.22875 0.555 
c 0.2 0.08 157 193 216 1.19 75.5   5 4.05 0.555 
c 0.05 0.05 129 169 496 1.5 46.8   5 5.25 0.555 
c 0.02 0.04 241 195 207 1.91 178   20 5.25 0.555 
c 0.02 0.04 235 171 251 2.11 198   20 5.25 0.555 
c 0.02 0.04 180 235 225 2.01 187   20 5.25 0.555 
c 0.4 0.1 115 93 137 0.61 72  25 5 2.9 0.555 
c 0.1 0.07 155 133 172 1.19 152  100 5 3.7 0.555 
c 0.05 0.04 251 207 225 2.01 202   5 4.3 0.555 
c 0.02 0.04 193 310 235 5.21 216   20 5 0.555 
c 0.02 0.04 239 244 214 3.81 199   20 4.5 0.555 
c 1  210 210 225 0.61 5   20 3.12 0.555 
c 0.2 0.1 124 94 120 0.51 5  25 3 3 0.555 
c 0.1 0.07 172 120 137 0.89 21.6  100 3 4 0.555 
c 0.05 0.05 223 169 172 1.7 52.2   3 5 0.555 
c 0.2 0.1 130 87 128 0.41 2.5  25 3 3 0.555 
c 0.1 0.07 163 115 155 0.89 19.5  100 3 4 0.555 
c 0.05 0.05 240 141 190 1.91 52   3 5.5 0.555 
c 0.2 0.1 126 93 137 0.41 7.6  25 3 3 0.555 
c 0.1 0.07 156 133 172 0.71 28  100 3 3 0.555 
c 0.05 0.05 208 175 225 1.5 81.9   3 5 0.555 
c 0.5 0.2 96 61 111 0.51 13.6  50 1 3 0.555 
c 0.2 0.07 171 132 172 0.99 37   1 4 0.555 
c 0.5 0.2 58 80 116 0.41 17.5  50 1 3 0.555 
c 0.2 0.07 142 128 186 0.51 32.5   1 4 0.555 
c 0.5 0.2 75 59 128 0.3 3.6  12 1 2 0.555 
c 0.25 0.09 60 77 137 0.61 10  50 1 3 0.555 
c 0.125 0.06 189 98 155 0.99 28.4   1 4 0.555 
c 0.25 0.09 60 77 137 0.71 11.5  50 1 3 0.555 
c 0.125 0.06 98 162 155 1.19 31.6   1 5 0.555 
c 0.5 0.2 71 77 120 0.51 2.6  25 3 4 0.555 
c 0.25 0.09 112 119 155 1.19 32.5  100 3 5 0.555 
c 0.125 0.06 173 176 190 1.5 55   3 5 0.555 
c 0.5 0.2 71 77 120 0.51 4  25 3 3 0.555 
c 0.25 0.09 134 78 172 0.99 28  100 3 4 0.555 
c 0.125 0.06 200 121 207 1.3 59.6   3 5 0.555 
c 0.5 0.2 106 61 120 0.3 2.3  50 1 3 0.555 
c 0.2 0.07 185 124 155 0.71 19.8   1 4 0.555 
c 0.5 0.2 106 61 120 0.61 9.5  50 3 3 0.555 
c 0.2 0.07 175 174 155 1.19 28   3 5 0.555 
c 0.4 0.09 79 59 99 0.41 6.6  25 5 3 0.555 
c 0.1 0.06 117 90 116 0.79 20.2  100 5 4 0.555 
c 0.05 0.05 237 195 169 1.6 48.4   5 5 0.555 
c 0.5 0.2 93 87 120 0.51 1.7  50 1 3 0.555 
c 0.2 0.07 192 150 172 0.79 3.6   1 4 0.555 
c 0.5 0.2 74 110 155 0.41 4.5  50 3 3 0.555 
c 0.2 0.07 241 144 155 1.19 39.2   3 4.5 0.555 
c 0.4 0.09 104 92 155 0.79 24  25 5 3 0.555 
c 0.1 0.06 159 145 190 1.4 46.5  100 5 5 0.555 
c 0.05 0.05 290 166 284 2.01 130.5   5 5 0.555 
c 0.2 0.1 80 126 104 0.51 5.5  50 5 3.12 0.555 
c 0.1 0.07 199 112 156 0.79 12   5 4 0.555 
c 0.05 0.05 153 73 1 0.79 1.2   5 4 0.555 
c 0.5 0.2 92 42 162 0.61 16.3  12 1 3 0.555 
c 0.25 0.09 134 81 197 0.99 40.5  50 1 3 0.555 
c 0.125 0.06 179 137 232 1.5 84   1 4 0.555 
c 0.5 0.1 99 54 176 0.99 86.4  50 3 4 0.555 
c 0.2 0.06 209 114 302 2.31 253.8   3 6 0.555 
c 0.1 0.04 36 71 137 0.2 2  25 3 2.5 0.555 
c 0.2 0.09 82 215 102 0.99 97   3 4 0.555 
c 0.5 0.1 84 79 137 0.61 11  50 3 3 0.555 
c 0.2 0.06 132 127 172 1.09 32.6   3 4 0.555 
c 0.2 0.07 141 136 137 0.51 11   5 3.12 0.555 
c 0.5 0.09 155 141 137 0.61 11.5   5 3 0.555 
c 0.5 0.2 121 141 137 0.41 60  25 1 3 0.555 
c 0.25 0.09 158 198 155 0.89 120  100 1 4 0.555 
c 0.125 0.06 198 257 172 2.11 360   1 5 0.555 
c 0.5 0.1 78 107 102 0.61 11.2  50 3 3 0.555 
c 0.2 0.06 121 152 155 1.3 31.5   3 3.5 0.555 
c 0.5 0.1 123 78 120 0.61 15.2  50 3 3 0.555 
c 0.2 0.06 215 127 172 1.5 40.2   3 4 0.555 
c 0.3 0.09 167 129 155 0.41 4.2   3 3 0.555 
c 0.3 0.09 147 150 155 0.41 4.2   3 3 0.555 
c 0.3 0.09 143 166 163 0.71 17.7   3 3 0.555 
c 0.3 0.09 143 166 163 0.61 17.7   3 3 0.555 
c 0.3 0.09 186 131 137 0.3 2  100 3 2 0.555 
c 0.5 0.1 80 99 172 0.41 10.3  50 1 3 0.555 
c 0.2 0.06 140 159 225 1.7 80   1 5 0.555 
c 0.5 0.1 171 39 128 0.79 20.8  50 3 4 0.555 
c 0.2 0.06 243 83 172 1.8 88.8   3 5 0.555 
c 0.5 0.1 136 68 277 2.01 130  400 1 4.5 0.555 
c 0.2 0.06 175 87 347 14.5 398   1 6 0.555 
c 0.5 0.1 119 79 155 0.71 24  50 3 3 0.555 
c 0.2 0.06 194 136 172 1.91 220   3 5 0.555 
c 0.3 0.09 151 203 172 0.51 80.4   3 3 0.555 
c 0.5 0.1 125 122 155 0.71 30.6  50 1 4 0.555 
c 0.2 0.06 171 188 190 0.89 71.5   1 4 0.555 
c 0.3 0.09 116 116 155 1.09 5   3 4 0.555 
c 0.4 0.09 162 78 128 0.71 15  25 5 3 0.555 
c 0.1 0.06 134 99 137 1.09 15.3  100 5 3 0.555 
c 0.05 0.05 205 168 190 2.01 82   5 5 0.555 
c 0.5 0.1 156 74 137 0.41 51.3  50 3 3 0.555 
c 0.2 0.06 221 115 172 1.3 77.4   3 4 0.555 
c 0.5 0.1 76 132 128 0.41 1.2  400 1 4 0.555 
c 0.2 0.06 141 201 181 1.09 20.6   1 4 0.555 
c 0.3 0.09 222 124 177 1.3 40.3   3 3.5 0.555 
c 0.3 0.09 196 118 177 2.69 52.5   3 4 0.555 
c 0.3 0.09 178 153 207 0.99 168   3 4 0.555 
c 0.3 0.09 178 153 207 1.19 154   3 4 0.555 
c 0.5 0.1 93 82 137 0.41 1.9  50 1 2.5 0.555 
c 0.2 0.06 151 141 242 0.89 23.6   1 3 0.555 
c 0.5 0.1 141 99 125 0.61 11.5  50 3 3 0.555 
c 0.2 0.06 224 142 160 1.09 32.8   3 4 0.555 
c 0.5 0.1 77 124 120 0.51 21.5  50 3 3 0.555 
c 0.2 0.06 140 229 155 1.5 108   3 4 0.555 
c 0.5 0.1 105 150 165 0.99 23.8  50 3 3 0.555 
c 0.2 0.06 152 194 200 1.5 60.4   3 4 0.555 
c 0.5 0.1 176 100 128 0.71 12.5  50 3 3 0.555 
c 0.2 0.06 222 174 181 1.5 68.2   3 4.5 0.555 
c 0.7 0.15 29 85 85 0.61 7.4  100 5 3 0.555 
c 0.1 0.07 192 219 216 6.2 162   5 5 0.555 
c 0.3 0.1 139 139 172 0.3 0.8   5 2 0.555 
c 0.3 0.1 139 139 172 0.3 0.8   5 2 0.555 
c 0.3 0.1 139 139 172 0.3 0.8   5 2 0.555 
c 0.3 0.1 139 139 172 0.3 0.8   5 2 0.555 
c 0.3 0.1 161 189 155 0.99 22   5 3.5 0.555 
c 0.4 0.1 138 65 127 0.61 2.3  50 3 5 0.555 
c 0.2 0.07 218 126 162 1.09 12.5   3 5 0.555 
c 0.4 0.1 70 162 85 0.79 15  25 3 4 0.555 
c 0.2 0.07 124 234 120 1.6 30.6  100 3 4.5 0.555 
c 0.3 0.1 136 163 223 2.01 100   5 5 0.555 
c 0.3 0.1 175 170 181 0.61 1   5 2 0.555 
c 0.5 0.1 246 120 163 1.19 47   5 4.5 0.555 
c 0.3 0.1 41 86 216 0.61 14  25 3 3 0.555 
c 0.5 0.1 95 95 137 0.71 16.8  50 3 3 0.555 
c 0.2 0.06 162 162 190 1.5 256.5   3 5 0.555 
c 0.5 0.1 95 90 172 0.79 39.5  25 3 4 0.555 
c 0.25 0.07 137 132 207 1.09 87.6  100 3 4.5 0.555 
c 0.125 0.05 182 176 242 1.4 150.6   3 5 0.555 
c 0.5 0.1 133 135 111 0.41 52.5  50 3 3 0.555 
c 0.2 0.06 197 179 146 1.7 27   3 3 0.555 
c 0.2 0.06 211 179 146 1.8 22.6   3 4 0.555 
c 0.9 0.01 162 203 225 0.99 23.4   5 5 0.555 
c 0.3 0.1 81 128 125 0.61 8.7   3 3 0.555 
c 0.4 0.09 134 93 128 0.61 42.1  25 5 3 0.555 
c 0.1 0.06 172 155 163 1.09 110.5  100 5 4 0.555 
c 0.05 0.05 277 168 216 1.5 102.6   5 5 0.555 
c 0.4 0.09 96 132 120 0.61 95.2  25 5 3 0.555 
c 0.1 0.06 138 176 155 1.19 202.5  100 5 6 0.555 
c 0.05 0.05 257 228 190 1.6 550   5 6 0.555 
c 0.02 0.01 179 309 190 1.7 230   20 5 0.555 
c 0.02 0.01 179 309 190 1.8 175   20 5 0.555 
c 0.02 0.01 143 285 190 1.91 205   20 5 0.555 
c 0.02 0.01 228 246 190 1.4 40   20 5 0.555 
c 0.02 0.01 268 212 190 2.01 60   20 5 0.555 
c 0.02 0.01 270 228 205 4.5 352   20 6 0.555 
c 0.02 0.01 270 228 205 3.51 950   20 6 0.555 
c 0.02 0.01 284 170 213 7.01 206.5   20 5 0.555 
c 0.02 0.01 210 210 225 0.3 1.1   20 3.12 0.555 
c 0.06 0.01 345 115 137 1.7 60.8   20 4 0.555 
c 0.06 0.01 414 46 137 1.7 60.8   20 4 0.555 
c 0.06 0.01 144 330 137 1.7 60.8   20 4 0.555 
c 0.06 0.01 230 218 137 1.7 60.8   20 4 0.555 
c 0.2 0.1 119 110 146 0.4 10.2  25 3 1.89 0.378 
c 0.1 0.07 157 143 181 1.1 97  100 3 3.2 0.378 
c 0.05 0.05 202 188 216 2.2 310   3 5 0.378 
c 0.2 0.1 113 86 127 0.5 6.2  25 3 2 0.378 
c 0.1 0.07 158 105 162 0.9 22  100 3 3.94875 0.378 
c 0.05 0.05 222 151 183 1.2 55   3 4.5 0.378 
c 0.2 0.1 112 102 142 0.4 5.2  25 3 2.5 0.378 
c 0.1 0.07 150 139 162 0.8 23  100 3 3.5 0.378 
c 0.05 0.05 210 186 197 1.7 84.5   3 4 0.378 
c 0.5 0.2 101 58 120 0.3 2  25 1 2.5 0.378 
c 0.25 0.09 142 94 146 0.6 15.5  100 1 3 0.378 
c 0.125 0.06 234 140 198 1.2 24.9   1 5 0.378 
c 0.5 0.2 80 73 153 0.5 20  50 1 2 0.378 
c 0.2 0.07 162 119 188 1 31.5   1 3.75 0.378 
c 0.5 0.2 45 74 114 0.3 2.2  50 1 2 0.378 
c 0.2 0.07 160 100 184 1 25.5   1 3.5 0.378 
c 0.5 0.1 117 64 128 0.5 9.5  25 5 2.8 0.378 
c 0.25 0.07 159 95 155 0.9 30.5  100 5 4 0.378 
c 0.125 0.05 232 156 190 1.4 42   5 4.7 0.378 
c 0.1 0.04 91 109 120 0.2 1.2  25 3 1 0.378 
c 0.15 0.07 243 185 155 0.9 14.5   3 3 0.378 
c 0.5 0.1 218 71 167 0.9 31.5  50 5 4 0.378 
c 0.2 0.06 295 109 219 1.6 102.5   5 4 0.378 
c 0.5 0.1 76 195 102 0.5 57  50 5 3 0.378 
c 0.2 0.06 94 286 155 1.3 149.5   5 4 0.378 
c 0.5 0.2 53 83 120 0.2 3.4  50 5 2.25 0.378 
c 0.5 0.2 53 83 120 0.2 3.4  50 5 2.25 0.378 
c 0.5 0.2 53 83 120 0.2 3.4  50 5 2.25 0.378 
c 0.15 0.07 141 180 155 0.5 6.5   1 2.25 0.378 
c 0.15 0.07 141 180 155 0.5 6.5   1 2.25 0.378 
c 0.15 0.07 127 175 155 0.5 6.5   1 2.25 0.378 
c 0.15 0.07 185 98 172 0.9 23.3   1 4 0.378 
c 0.15 0.07 59 83 102 0.3 5.5  50 3 2.25 0.378 
c 0.15 0.07 149 190 172 1.2 38.5   3 3 0.378 
c 0.3 0.09 94 172 155 0.4 3.9   5 2.25 0.378 
c 0.5 0.1 132 67 146 0.7 29.5  50 3 2.25 0.378 
c 0.2 0.06 221 114 198 1.1 33.5   3 2.25 0.378 
c 0.5 0.09 108 92 128 0.4 3.3  50 3 2.25 0.378 
c 0.1 0.07 170 153 172 0.5 9.3   3 2.25 0.378 
c 0.1 0.07 170 153 172 0.5 9.3   3 2.25 0.378 
c 0.5 0.1 103 105 183 0.3 6.3  50 5 2.25 0.378 
c 0.5 0.1 103 105 183 0.3 6.3  50 5 2.25 0.378 
c 0.2 0.06 169 143 244 0.9 29.9   5 2.25 0.378 
c 0.2 0.06 169 143 244 0.9 29.9   5 2.25 0.378 
c 0.2 0.06 205 143 181 1.2 20.3   3 5 0.378 
c 0.4 0.1 117 80 207 0.4 1.2  50 5 3 0.378 
c 0.2 0.07 180 102 312 1.2 15   5 4.5 0.378 
c 0.5 0.1 130 105 146 0.4 5.5  50 3 2.8 0.378 
c 0.2 0.06 156 194 163 1.2 33.3   3 3.5 0.378 
c 0.1 0.07 211 187 155 0.9 4.4   3 2.25 0.378 
c 0.1 0.07 243 103 225 0.9 27.3   3 5.5 0.378 
c 0.4 0.1 109 82 135 0.5 3.9  50 3 2.25 0.378 
c 0.15 0.08 172 133 174 1 43.8   3 4 0.378 
c 0.1 0.04 114 94 128 0.2 0.6  50 5 2.25 0.378 
c 0.5 0.1 121 90 160 0.4 19.2  50 3 3 0.378 
c 0.2 0.06 184 132 230 1 38   3 3.6 0.378 
c 0.5 0.1 43 154 149 0.5 60.5  50 3 3 0.378 
c 0.2 0.06 161 213 167 1.3 187   3 5 0.378 
c 0.1 0.04 124 133 137 0.5 15  50 5 2.25 0.378 
c 0.1 0.04 125 142 85 0.6 13  50 5 3 0.378 
c 0.1 0.04 25 77 225 0.6 24.4  25 5 2.25 0.378 
c 0.3 0.09 183 91 183 0.5 1.9   5 2.25 0.378 
c 0.1 0.04 169 199 137 1 108   5 4 0.378 
c 0.4 0.09 124 84 151 0.7 20.5  25 5 2.5 0.378 
c 0.1 0.06 172 125 169 1.4 56  100 5 3.5 0.378 
c 0.05 0.05 261 193 239 1.9 95   5 5 0.378 
c 0.1 0.04 137 117 286 0.6 105  50 5 2.25 0.378 
c  0.2 127 78 120 0.7 20.2  50 5 3 0.378 
c 0.1 0.05 236 144 172 1.2 54   5 3.8 0.378 
c 0.4 0.1 124 118 169 0.8 49.5  50 1 2.25 0.378 
c 0.15 0.08 201 191 239 2 300   1 2.25 0.378 
c 0.4 0.1 93 151 120 0.8 12  50 5 3.3 0.378 
c 0.15 0.08 180 202 172 1.3 61.5   5 4 0.378 
c 0.4 0.12 116 76 134 0.7 23  50 3 2.25 0.378 
c 0.15 0.07 211 133 195 1.3 44.4   3 4 0.378 
c 0.9 0.01 187 136 179 1.4 27   5 4 0.378 
c 0.5 0.1 96 116 135 0.4 7  50 3 2.25 0.378 
c 0.2 0.06 142 170 170 1.2 24   3 2.25 0.378 
c 0.1 0.04 105 179 128 1 65   3 2.25 0.378 
c 0.3 0.1 115 105 155 1 50.5  50 3 2.25 0.378 
c 0.125 0.06 178 158 207 2.2 135.5   3 6 0.378 
c 0.15 0.09 243 171 172 1.1 34   3 4 0.378 
c 0.125 0.05 238 205 172 1.2 180   3 6 0.378 
c 0.15 0.09 161 181 242 1.7 140   3 6 0.378 
c 0.05 0.05 241 190 251 2.4 282.8   3 6 0.378 
c 0.15 0.1 207 184 225 2 128.6   3 2.25 0.378 
c 0.15 0.1 249 163 181 1.8 138.6   3 5 0.378 
c 0.15 0.1 247 172 181 1.6 68   3 5 0.378 
c 0.01 0.05 225 217 198 1.5 38   3 5 0.378 
c 0.175 0.05 231 156 200 1.9 51.5   3 2.25 0.378 
c 0.125 0.06 216 219 163 1 25.5   3 4 0.378 
c 0.125 0.06 238 205 163 0.8 25.9   3 4 0.378 
c 0.125 0.09 185 222 181 2 42.5   5 4 0.378 
c 0.05 0.05 247 146 242 2.5 291   3 7 0.378 
c 0.05 0.05 264 150 198 0.9 34   3 3 0.378 
c 0.5 0.05 237 195 169 1.6 52   5 2.25 0.378 
c 0.1 0.07 135 275 155 1.4 340   3 7 0.378 
c 0.1 0.05 180 254 128 2.2 106.6   3 2.25 0.378 
c 0.2 0.07 171 150 172 1.3 26.6   3 2.25 0.378 
c 0.3 0.1 185 159 137 0.3 0.3   5 2.25 0.378 
c 0.3 0.1 204 219 137 0.3 0.3   5 2.25 0.378 
c 0.3 0.1 204 219 137 0.3 0.3   5 2.25 0.378 
c 0.3 0.1 204 219 137 0.3 0.3   5 2.25 0.378 
c 0.3 0.1 204 219 137 0.3 0.3   5 2.25 0.378 
c 0.3 0.1 204 219 137 0.3 0.3   5 2.25 0.378 
c 0.02 0.04 156 270 181 0.3 0.3   20 2.25 0.378 
c 0.02 0.04 212 212 190 0.3 0.3   20 2.25 0.378 
c 0.02 0.04 270 151 181 0.3 0.3   20 2.25 0.378 
c 0.02 0.04 275 211 205 5.4 683   20 6 0.378 
c 0.02 0.04 280 215 189 4.2 336   20 6 0.378 
c 0.02 0.04 251 213 209 1.7 430   20 4 0.378 
c 0.02 0.04 287 210 221 3.7 420   20 6 0.378 
c 0.02 0.04 187 225 284 4.5 750   20 6 0.378 
c 0.02 0.04 225 187 284 4.5 750   20 2.25 0.378 
c 0.02 0.04 152 258 260 1.5 85.6   20 4 0.378 
c 0.02  162 162 190 0.4 3.1   20 2.25 0.378 
c 0.02  210 210 225 0.3 1.4   20 2.25 0.378 
c 0.02  285 198 172 1.5 50.5   20 2.25 0.378 
c 0.02  210 210 225 0.2 2.1   20 2.25 0.378 
c 0.02  261 166 225 0.2 2.1   20 2.25 0.378 
c 0.02  238 238 237 3.2 320   20 2.25 0.378 
c 0.02  238 238 237 3.2 320   20 2.25 0.378 
c 0.02  238 238 237 3.2 320   20 2.25 0.378 
c 0.02  238 238 237 3.2 320   20 2.25 0.378 
c 0.02  238 238 237 3.2 320   20 2.25 0.378 
c 0.02  238 238 237 3.2 320   20 2.25 0.378 
c 0.02  238 238 237 3.2 320   20 2.25 0.378 
c 0.02  238 238 237 3.2 320   20 2.25 0.378 
c 0.02  238 238 237 3.2 320   20 2.25 0.378 
c 0.02  238 238 237 3.2 320   20 2.25 0.378 
c 0.02  238 238 237 3.2 320   20 2.25 0.378 
c 0.02  238 238 237 3.2 320   20 2.25 0.378 
c 0.02  238 238 237 3.2 320   20 2.25 0.378 
c 0.02  238 238 237 3.2 320   20 2.25 0.378 
c 0.02  238 238 237 3.2 320   20 2.25 0.378 
c 0.02  238 238 237 3.2 320   20 2.25 0.378 
c 0.02  238 238 237 3.2 320   20 2.25 0.378 
c 0.02  238 238 237 3.2 320   20 2.25 0.378 
c 0.3  118 99 130 0.2 8  400 20 1.89 0.378 
c 0.3  226 190 264 2.5 800   20 3.2 0.378 