2700
3600
2300
1550
1500
2400
1900
1700
4500
1200
2700
3500
2100
1600
1600
2100
2500
2100
2800
2900
2800
2200
2600
2300
2000
3100
1400
2000
1700
2000
1650
2100
1650
1900
2600
3100
3000
2600
2700
2700
1500
2100
2800
2600
1700
2400
1550
2200
2300
2600
3300
1300
3500
1300
3300
3700
2700
1300
2100
3000
2700
1400
3100
2100
2600
1400
3450
2100
3900
2100
2900
3400
3000
2600
4200
2800
2200
1900
4700
2200
2350
2500
2400
1400
2600
1650
1500
2000
1700
1700
2000
4600
4300
2700
2700
2300
2700
3500
3550
2100
3500
2100
1600
1700
4000
2000
3500
2500
3300
1900
3800
2600
3800
2700
2500
3700
3000
1900
1600
3500
1600
4000
1600
1600
1600
1600
1600
1600
2550
3200
1600
2850
2500
2800
3400
2600
800
1900
