-33
-100
-50
-33
-33
-50
-100
-50
-50
-50
-50
-100
-100
-33
-33
-33
-100
-33
-50
-100
-100
-33
-50
-100
-50
-50
-33
-33
-33
-50
-33
-33
-33
-33
-33
-33
-50
-50
-50
-33
-33
-33
-50
-33
-50
-50
-33
-100
-50
-33
-50
-33
-33
-50
-50
-100
-50
-33
-50
-100
-100
-33
-50
-33
-50
-33
-33
-50
-100
-50
-50
-50
-100
-50
-50
-33
-100
-33
-100
-33
-50
-50
-100
-33
-50
-33
-50
-50
-33
-33
 
-100
-100
-33
-33
-100
-50
-100
-50
-50
-100
-50
-100
-50
-50
-33
-33
-50
-50
-50
-100
-50
-50
-100
-50
-50
-33
-50
-50
-100
-33
-50
-100
-100
-33
-33
-33
-33
-50
-50
-50
-50
-50
-100
-50
-50
-50
 
 
 
 
 
 
-33
 
 
 
-33
-33
 
-33
100
-33
-33
-50
 
 
