-45
-80
-50
-40
-40
-55
-55
-55
-80
-35
-60
-65
-55
-40
-40
-45
-65
-40
-55
-75
-75
-45
-55
-65
-55
-60
-35
-40
-40
-50
-40
-45
-35
-40
-45
-45
-60
-45
-60
-45
-35
-40
-55
-45
-50
-55
-40
-60
-55
-45
-60
-35
-45
-55
-70
-70
-60
-35
-50
-65
-75
-35
-60
-40
-55
-35
-50
-55
-80
-50
-60
-60
-75
-70
-55
-45
-80
-40
-80
-35
-50
-55
-65
-35
-55
-35
-40
-50
-35
-35
-100
-80
-80
-45
-45
-60
-50
-75
-60
-50
-80
-45
-55
-45
-60
-40
-45
-55
-60
-50
-80
-50
-60
-65
-55
-60
-45
-45
-40
-75
-40
-40
-60
-60
-35
-35
-35
-35
-45
-50
-40
-55
-50
-75
-50
-55
-40
-35
-40
-35
-40
-40
