2050
3300
1400
1200
1100
2100
1700
1500
2800
800
1300
2700
700
1300
1100
1700
1600
1700
1300
1500
1700
1900
1700
1700
950
2000
900
1300
1450
1800
1300
1700
1200
1200
2000
2850
2250
1500
1950
2200
1300
1850
2400
2200
1300
1200
1700
1200
1800
950
2150
1100
3200
1000
2100
2200
1300
900
1100
2000
1700
1000
2600
1700
1800
1200
2900
1000
3100
1500
2200
1300
900
1300
3000
2000
1200
1500
2700
1250
1250
1800
1200
800
2000
800
1100
1500
1200
1500
1200
2500
2200
2050
2050
1000
1200
3000
3350
1700
3000
1700
1000
1500
1700
1600
1700
2100
3000
1500
2600
1700
3000
1400
2300
2500
1300
1700
1400
3000
1400
3500
1400
1400
1350
1350
1350
1350
2145
2750
500
2700
2300
1800
2100
2700
2000
1200
450
1700
1000
100
