1 1 1 1 1 0.625 1 0.390625 0.625 1 1 1 1 1 1 1 1 1 
1.6 1 0.625 0.625 1 1.6 0.625 0.390625 1.6 1 1 1 1 0.625 1.6 1 1.6 0.625 
1 1.6 1 1 1 0.625 1.6 1 0.625 1 1 1.6 0.625 1 1 1 1 1 
1 1 1 0.625 0.625 0.625 1 0.625 0.390625 1 1 1.6 1 1 1 1 1 1.6 
1 1 0.390625 1.6 1 1.6 0.625 1 1.6 1.6 1 0.625 1.6 1 1 1 1 1 
1 0.625 1.6 1 0.625 1 1.6 1 0.625 1.6 1 1 1 1 1.6 1 1 1 
1 0.625 0.625 0.625 1 1 1 0.625 0.625 0.625 1 1.6 1 1.6 1 1 1.6 0.625 
0.390625 1 1 1 1 1 1 1.6 1 1 1 1 1 1.6 1 1 0.625 1 
1 1 1 1 1 1.6 1 1 0.625 0.625 0.625 1 0.625 1 1.6 1 1 1.6 
1 1 1 1 1 0.625 1.6 1 1.6 0.625 0.625 1.6 1 1 1.6 0.625 1 1 
1 1 1 1 1.6 1.6 1 1 1 1.6 0.625 0.625 1 1 1 0.625 1 1 
1 1 0.625 0.625 1.6 1.6 0.625 1 0.625 0.625 1.6 0.625 1 1 1 0.625 1 1 
1 1 1.6 1 0.390625 1 1 1 1 1 1.6 0.625 0.625 1 1 0.625 1 1 
1 1.6 1 1.6 1 1 1 1 0.625 1 1 1 1 0.625 1 1 0.390625 1 
1 1 1.6 1 1.6 1 1 1 0.625 0.625 0.625 1.6 1 1 0.625 1.6 1 1 
1 1 1 1 1 1 1 1 0.625 1 1 1 1 1 1 1.6 1 0.390625 
1 0.625 1 1 1 1 1 1.6 1 1 1 1 1 1.6 1 1 0.625 0.625 
1 1.6 1 0.625 1 1 1 1 0.625 0.625 1 1 1 1 1 1.6 1.6 1 
