c 草 毒 晴天 陰天 0.2 0.1 118 111 128 0.7 6.9 22 8000 20 3 3.75 0.3815 0.654 0.875
c 草 毒 晴天 陰天 0.05 0.1 118 111 128 0.7 6.9 25 30000 75 3 3.75 0.3815 0.654 0.875
c 草 毒 晴天 陰天 0.1 0.07 151 143 155 1 13 90 8000 20 3 3.984375 0.31875 0.6375 0.875
c 草 毒 晴天 陰天 0.05 0.07 151 143 155 1 13 100 30000 75 3 3.984375 0.31875 0.6375 0.875
c 草 毒 晴天 陰天 0.05 0.05 198 189 190 2 100  8000 20 3 5.6925 0.759 1.035 0.875
c 草 毒 晴天 陰天 0.05 0.05 198 189 190 2 100  30000 75 3 5.6925 0.759 1.035 0.875
c 火  晴天  0.2 0.1 116 93 118 0.6 8.5 22 8000 20 3 2.8125 0.15625 0.46875 0.875
c 火  晴天  0.05 0.1 116 93 118 0.6 8.5 25 30000 75 3 2.8125 0.15625 0.46875 0.875
c 火  晴天  0.1 0.07 158 126 151 1.1 19 90 8000 20 3 4.24875 0.2575 0.7725 0.875
c 火  晴天  0.05 0.07 158 126 151 1.1 19 100 30000 75 3 4.24875 0.2575 0.7725 0.875
c 火 飛行 晴天 強風 0.05 0.05 223 173 186 1.7 90.5  8000 20 3 5 0.405 1.0125 0.875
c 火 飛行 晴天 強風 0.05 0.05 223 173 186 1.7 90.5  30000 75 3 5 0.405 1.0125 0.875
c 水  雨天  0.2 0.1 94 121 127 0.5 9 22 8000 20 3 2.86875 0.2295 0.3825 0.875
c 水  雨天  0.05 0.1 94 121 127 0.5 9 25 30000 75 3 2.86875 0.2295 0.3825 0.875
c 水  雨天  0.1 0.07 126 155 153 1 22.5 90 8000 20 3 3.75 0.25 0.625 0.875
c 水  雨天  0.05 0.07 126 155 153 1 22.5 100 30000 75 3 3.75 0.25 0.625 0.875
c 水  雨天  0.05 0.05 171 207 188 1.6 85.5  8000 20 3 4.84687519 0.564 1.175 0.875
c 水  雨天  0.05 0.05 171 207 188 1.6 85.5  30000 75 3 4.84687519 0.564 1.175 0.875
c 蟲 毒 雨天 陰天 0.5 0.2 63 50 120 0.3 3.2 10 8000 20 1 1.5675 0.1045 0.209 0.5
c 蟲 毒 雨天 陰天 0.05 0.2 63 50 120 0.3 3.2 12 30000 75 1 1.5675 0.1045 0.209 0.5
c 蟲 毒 雨天 陰天 0.25 0.09 46 75 128 0.6 10 45 8000 20 1 2.8125 0.25 0.75 0.5
c 蟲 毒 雨天 陰天 0.05 0.09 46 75 128 0.6 10 50 30000 75 1 2.8125 0.25 0.75 0.5
c 蟲 毒 雨天 陰天 0.125 0.06 169 130 163 1 29.5  8000 20 1 3.465 0.308 0.5775 0.5
c 蟲 毒 雨天 陰天 0.05 0.06 169 130 163 1 29.5  30000 75 1 3.465 0.308 0.5775 0.5
c 一般  多雲  0.5 0.2 103 70 102 0.3 3.5 22 8000 20 1 1.89 0.189 0.252 0.5
c 一般  多雲  0.05 0.2 103 70 102 0.3 3.5 25 30000 75 1 1.89 0.189 0.252 0.5
c 一般  多雲  0.2 0.07 161 139 146 0.7 18.5  8000 20 1 3.94875 0.2925 0.585 0.5
c 一般  多雲  0.05 0.07 161 139 146 0.7 18.5  30000 75 1 3.94875 0.2925 0.585 0.5
c 毒  陰天  0.5 0.15 110 97 111 2 6.9 45 40000 40 3 3.24375 0.2595 0.346 0.5
c 毒  陰天  0.05 0.15 110 97 111 2 6.9 50 150000 150 3 3.24375 0.2595 0.346 0.5
c 毒  陰天  0.2 0.07 167 153 155 3.5 65  40000 40 3 5.07375 0.41 1.353 0.5
c 毒  陰天  0.05 0.07 167 153 155 3.5 65  150000 150 3 5.07375 0.41 1.353 0.5
c 地面  晴天  0.5 0.1 126 120 137 0.6 12 45 40000 40 3 3 0.258 0.48375 0.5
c 地面  晴天  0.05 0.1 126 120 137 0.6 12 50 150000 150 3 3 0.258 0.48375 0.5
c 地面  晴天  0.2 0.06 182 175 181 1 29.5  40000 40 3 3.75 0.35 0.9 0.5
c 地面  晴天  0.05 0.06 182 175 181 1 29.5  150000 150 3 3.75 0.35 0.9 0.5
c 毒 飛行 陰天 強風 0.5 0.2 83 73 120 0.8 7.5 22 8000 20 1 4.81500053 0.0535 0.0535 0.5
c 毒 飛行 陰天 強風 0.05 0.2 83 73 120 0.8 7.5 25 30000 75 1 4.81500053 0.0535 0.0535 0.5
c 毒 飛行 陰天 強風 0.2 0.07 161 150 181 1.6 55 90 8000 20 1 5 0.0355 0.0355 0.5
c 毒 飛行 陰天 強風 0.05 0.07 161 150 181 1.6 55 100 30000 75 1 5 0.0355 0.0355 0.5
c 草 毒 晴天 陰天 0.6 0.15 131 112 128 0.5 5.4 22 40000 40 3 3.03750038 0.2025 0.50625 0.5
c 草 毒 晴天 陰天 0.05 0.15 131 112 128 0.5 5.4 25 150000 150 3 3.03750038 0.2025 0.50625 0.5
c 草 毒 晴天 陰天 0.3 0.07 153 136 155 0.8 8.6 90 40000 40 3 3.7125 0.4125 0.880000114 0.5
c 草 毒 晴天 陰天 0.05 0.07 153 136 155 0.8 8.6 100 150000 150 3 3.7125 0.4125 0.880000114 0.5
c 草 毒 晴天 陰天 0.15 0.05 202 167 181 1.2 18.6  40000 40 3 6.21 1.012 1.196 0.5
c 草 毒 晴天 陰天 0.05 0.05 202 167 181 1.2 18.6  150000 150 3 6.21 1.012 1.196 0.5
c 蟲 毒 雨天 陰天 0.5 0.15 100 100 155 1 30 45 40000 40 3 4.39312506 0.6 0.71 0.5
c 蟲 毒 雨天 陰天 0.05 0.15 100 100 155 1 30 50 150000 150 3 4.39312506 0.6 0.71 0.5
c 蟲 毒 雨天 陰天 0.2 0.07 179 143 172 1.5 12.5  40000 40 3 4.32 0.36 0.72 0.5
c 蟲 毒 雨天 陰天 0.05 0.07 179 143 172 1.5 12.5  150000 150 3 4.32 0.36 0.72 0.5
c 地面  晴天  0.5 0.1 109 78 67 0.2 0.8 45 40000 40 3 2.25 0.16 0.4 0.5
c 地面  晴天  0.05 0.1 109 78 67 0.2 0.8 50 150000 150 3 2.25 0.16 0.4 0.5
c 地面  晴天  0.2 0.06 167 134 111 0.7 33.3  40000 40 3 4.5 0.448 0.84 0.5
c 地面  晴天  0.05 0.06 167 134 111 0.7 33.3  150000 150 3 4.5 0.448 0.84 0.5
c 一般  多雲  0.5 0.15 92 78 120 0.4 4.2 45 40000 40 3 3 0.128 0.4 0.5
c 一般  多雲  0.05 0.15 92 78 120 0.4 4.2 50 150000 150 3 3 0.128 0.4 0.5
c 一般  多雲  0.2 0.07 150 136 163 1 32  40000 40 3 3.9975 0.328 0.615 0.5
c 一般  多雲  0.05 0.07 150 136 163 1 32  150000 150 3 3.9975 0.328 0.615 0.5
c 水  雨天  0.5 0.1 122 95 137 0.8 19.6 45 40000 40 3 3.75 0.291 0.60625 0.5
c 水  雨天  0.05 0.1 122 95 137 0.8 19.6 50 150000 150 3 3.75 0.291 0.60625 0.5
c 水  雨天  0.2 0.06 191 162 190 1.7 76.6  40000 40 3 4.5 0.2325 0.81375 0.5
c 水  雨天  0.05 0.06 191 162 190 1.7 76.6  150000 150 3 4.5 0.2325 0.81375 0.5
c 火  晴天  0.3 0.1 136 93 146 0.7 19 45 40000 40 3 4.125 0.234 0.585 0.75
c 火  晴天  0.05 0.1 136 93 146 0.7 19 50 150000 150 3 4.125 0.234 0.585 0.75
c 火  晴天  0.1 0.06 227 166 207 1.9 155  40000 40 3 5.55 0.7 0.74 0.75
c 火  晴天  0.05 0.06 227 166 207 1.9 155  150000 150 3 5.55 0.7 0.74 0.75
c 水  雨天  0.5 0.15 101 82 120 0.6 12.4 22 40000 40 3 3.75 0.3125 0.75 0.5
c 水  雨天  0.05 0.15 101 82 120 0.6 12.4 25 150000 150 3 3.75 0.3125 0.75 0.5
c 水  雨天  0.25 0.07 130 123 163 1 20 90 40000 40 3 5.5125 0.49 0.882 0.5
c 水  雨天  0.05 0.07 130 123 163 1 20 100 150000 150 3 5.5125 0.49 0.882 0.5
c 水 格鬥 雨天 陰天 0.125 0.05 182 184 207 1.3 54  40000 40 3 6.1275 0.645 1.118 0.5
c 水 格鬥 雨天 陰天 0.05 0.05 182 184 207 1.3 54  150000 150 3 6.1275 0.645 1.118 0.5
c 超能力  強風  0.5 0.99 195 82 93 0.9 19.5 22 40000 40 3 4.5 0.28 0.56 0.75
c 超能力  強風  0.05 0.99 195 82 93 0.9 19.5 25 150000 150 3 4.5 0.28 0.56 0.75
c 超能力  強風  0.25 0.07 232 117 120 1.3 56.5 90 40000 40 3 5.00625 0.445 0.89 0.75
c 超能力  強風  0.05 0.07 232 117 120 1.3 56.5 100 150000 150 3 5.00625 0.445 0.89 0.75
c 超能力  強風  0.1 0.05 271 167 146 1.5 48  40000 40 3 4.78125 0.425 0.935000122 0.75
c 超能力  強風  0.05 0.05 271 167 146 1.5 48  150000 150 3 4.78125 0.425 0.935000122 0.75
c 草 毒 晴天 陰天 0.5 0.15 139 61 137 0.7 4 22 40000 40 3 3.38625 0.1935 0.4515 0.5
c 草 毒 晴天 陰天 0.05 0.15 139 61 137 0.7 4 25 150000 75 3 3.38625 0.1935 0.4515 0.5
c 草 毒 晴天 陰天 0.25 0.07 172 92 163 1 6.4 90 40000 40 3 4.875 0.25 0.95 0.5
c 草 毒 晴天 陰天 0.05 0.07 172 92 163 1 6.4 100 150000 75 3 4.875 0.25 0.95 0.5
c 草 毒 晴天 陰天 0.125 0.05 207 135 190 1.7 15.5  40000 40 3 5.355 0.336 1.428 0.5
c 草 毒 晴天 陰天 0.05 0.05 207 135 190 1.7 15.5  150000 75 3 5.355 0.336 1.428 0.5
c 岩石 地面 多雲 晴天 0.5 0.1 132 132 120 0.4 20 22 8000 20 1 2.93625 0.3915 0.1305 0.5
c 岩石 地面 多雲 晴天 0.05 0.1 132 132 120 0.4 20 25 30000 150 1 2.93625 0.3915 0.1305 0.5
c 岩石 地面 多雲 晴天 0.25 0.07 164 164 146 1 105 90 8000 20 1 5.2275 0.492 0.697 0.5
c 岩石 地面 多雲 晴天 0.05 0.07 164 164 146 1 105 100 30000 150 1 5.2275 0.492 0.697 0.5
c 岩石 地面 多雲 晴天 0.125 0.05 211 198 190 1.4 300  8000 20 1 4.725 0.63 1.092 0.5
c 岩石 地面 多雲 晴天 0.05 0.05 211 198 190 1.4 300  30000 150 1 4.725 0.63 1.092 0.5
c 電 鋼 雨天 下雪 0.5 0.1 165 121 93 0.3 6 22 40000 40 3 3.42 0.456 0.456 無性別
c 電 鋼 雨天 下雪 0.05 0.1 165 121 93 0.3 6 25 150000 150 3 3.42 0.456 0.456 無性別
c 電 鋼 雨天 下雪 0.2 0.06 223 169 137 1 60 90 40000 40 3 4.125 0.44 0.825 無性別
c 電 鋼 雨天 下雪 0.05 0.06 223 169 137 1 60 100 150000 225 3 4.125 0.44 0.825 無性別
c 毒  陰天  0.5 0.1 135 90 190 0.9 30 45 40000 40 3 4.4100008 0.49 0.833000124 0.5
c 毒  陰天  0.05 0.1 135 90 190 0.9 30 50 150000 150 3 4.4100008 0.49 0.833000124 0.5
c 毒  陰天  0.2 0.06 190 172 233 1.2 30  40000 40 3 6.45 0.76 0.57 0.5
c 毒  陰天  0.05 0.06 190 172 233 1.2 30  150000 150 3 6.45 0.76 0.57 0.5
c 水  雨天  0.5 0.1 116 134 102 0.3 4 45 40000 40 3 2.898 0.2 0.504 0.5
c 水  雨天  0.05 0.1 116 134 102 0.3 4 50 150000 150 3 2.898 0.2 0.504 0.5
c 水 冰 雨天 下雪 0.2 0.06 186 256 137 1.5 132.5  40000 40 3 4.725 0.42 1.05 0.5
c 水 冰 雨天 下雪 0.05 0.06 186 256 137 1.5 132.5  150000 150 3 4.725 0.42 1.05 0.5
c 岩石 地面 多雲 晴天 0.2 0.09 85 232 111 8.8 210 45 60000 60 5 5.625 0.658 1.175 0.5
c 岩石 地面 多雲 晴天 0.05 0.09 85 232 111 8.8 210 50 225000 225 5 5.625 0.658 1.175 0.5
c 超能力  強風  0.5 0.1 89 136 155 1 32.4 45 40000 40 3 3.9375 0.3675 0.63 0.5
c 超能力  強風  0.05 0.1 89 136 155 1 32.4 50 150000 150 3 3.9375 0.3675 0.63 0.5
c 超能力  強風  0.2 0.06 144 193 198 1.6 75.6  40000 40 3 4.98 0.332 0.83 0.5
c 超能力  強風  0.05 0.06 144 193 198 1.6 75.6  150000 150 3 4.98 0.332 0.83 0.5
c 水  雨天  0.5 0.15 181 124 102 0.4 6.5 45 40000 40 3 3.915 0.522 0.87 0.5
c 水  雨天  0.05 0.15 181 124 102 0.4 6.5 50 150000 150 3 3.915 0.522 0.87 0.5
c 水  雨天  0.2 0.07 240 181 146 1.3 60  40000 40 3 6.2 0.9 1.0005 0.5
c 水  雨天  0.05 0.07 240 181 146 1.3 60  150000 150 3 6.2 0.9 1.0005 0.5
c 地面  晴天  0.4 0.1 90 144 137 0.4 6.5 45 40000 40 3 2.625 0.222 0.37 0.5
c 地面  晴天  0.05 0.1 90 144 137 0.4 6.5 50 150000 150 3 2.625 0.222 0.37 0.5
c 地面  晴天  0.15 0.06 144 186 155 1 45  40000 40 3 3.2 0.25 0.75 0.5
c 地面  晴天  0.05 0.06 144 186 155 1 45  150000 150 3 3.2 0.25 0.75 0.5
c 格鬥  陰天  0.2 0.09 224 181 137 1.5 49.8  60000 60 5 4.66875 0.415 1.245 全男性
c 格鬥  陰天  0.05 0.09 224 181 137 1.5 49.8  225000 150 5 4.66875 0.415 1.245 全男性
c 格鬥  陰天  0.2 0.09 193 197 137 1.4 50.2  60000 60 5 4 0.3315 1.02 全男性
c 格鬥  陰天  0.05 0.09 193 197 137 1.4 50.2  225000 225 5 4 0.3315 1.02 全男性
c 毒  陰天  0.5 0.1 119 141 120 0.6 1 45 40000 40 3 3.6 0.36 0.66 0.5
c 毒  陰天  0.05 0.1 119 141 120 0.6 1 50 150000 150 3 3.6 0.36 0.66 0.5
c 毒  陰天  0.2 0.06 174 197 163 1.2 9.5  40000 40 3 4.65 0.682 0.744 0.5
c 毒  陰天  0.05 0.06 174 197 163 1.2 9.5  150000 150 3 4.65 0.682 0.744 0.5
c 地面 岩石 晴天 多雲 0.5 0.1 140 127 190 1 115 22 40000 40 3 5.25 0.5 0.85 0.5
c 地面 岩石 晴天 多雲 0.05 0.1 140 127 190 1 115 25 150000 150 3 5.25 0.5 0.85 0.5
c 地面 岩石 晴天 多雲 0.05 0.06 222 171 233 1.9 120 90 40000 40 3 5.925 0.5925 1.185 0.5
c 地面 岩石 晴天 多雲 0.05 0.06 222 171 233 1.9 120 100 150000 300 3 5.925 0.5925 1.185 0.5
c 一般  多雲  0.2 0.09 181 165 233 2.2 80  40000 40 3 6 0.8 3.3 全女性
c 一般  多雲  0.05 0.09 181 165 233 2.2 80  150000 150 3 6 0.8 3.3 全女性
c 蟲 飛行 雨天 強風 0.3 0.09 218 170 172 1.5 56 45 60000 60 5 5.7 0.4 1 0.5
c 蟲 飛行 雨天 強風 0.05 0.09 218 170 172 1.5 56 50 225000 225 5 5.7 0.4 1 0.5
c 電  雨天  0.2 0.09 198 158 163 1.1 30 90 60000 60 5 4.22625 0.392 0.735 0.75
c 電  雨天  0.05 0.09 198 158 163 1.1 30 100 225000 225 5 4.22625 0.392 0.735 0.75
c 火  晴天  0.2 0.09 206 154 163 1.3 44.5 90 60000 60 5 4.95 0.44 0.88 0.75
c 火  晴天  0.05 0.09 206 154 163 1.3 44.5 100 225000 225 5 4.95 0.44 0.88 0.75
c 水  雨天  0.7 0.15 29 85 85 0.9 10 360 8000 20 1 3.21 0.2675 0.4815 0.5
c 水  雨天  0.05 0.15 29 85 85 0.9 10 400 30000 75 1 3.21 0.2675 0.4815 0.5
c 水 飛行 雨天 強風 0.1 0.07 237 186 216 6.5 235  8000 20 1 4.5 0.24 0.48 0.5
c 水 飛行 雨天 強風 0.05 0.07 237 186 216 6.5 235  30000 75 1 4.5 0.24 0.48 0.5
c 水 冰 雨天 下雪 0.05 0.09 165 174 277 2.5 220  60000 60 5 6.5625 0.525 0.7 0.5
c 水 冰 雨天 下雪 0.05 0.09 165 174 277 2.5 220  225000 225 5 6.5625 0.525 0.7 0.5
c 一般  多雲  0.4 0.09 153 136 163 0.8 36.5 22 40000 40 3 4.125 0.385 0.55 無性別
c 一般  多雲  0.05 0.09 153 136 163 0.8 36.5 25 150000 150 3 4.125 0.385 0.55 無性別
c 一般  多雲  0.05 0.09 190 169 330 2.1 460  60000 60 5 5.55 0.74 1.11 0.875
c 一般  多雲  0.05 0.09 190 169 330 2.1 460  225000 225 5 5.55 0.74 1.11 0.875
c 冰 飛行 下雪 強風 0.03 0.1 192 236 207 1.7 55.4  80000 80 20 3.7125 0.231 0.66 無性別
c 冰 飛行 下雪 強風 0.05 0.1 192 236 207 1.7 55.4  300000 225 20 3.7125 0.231 0.66 無性別
c 電 飛行 雨天 強風 0.03 0.1 253 185 207 1.6 52.6  80000 80 20 3.88125 0.4485 0.759 無性別
c 電 飛行 雨天 強風 0.03 0.1 253 185 207 1.6 52.6  300000 225 20 3.88125 0.4485 0.759 無性別
c 火 飛行 晴天 強風 0.03 0.1 251 181 207 2 60  80000 80 20 5.23125 0.403 0.93 無性別
c 火 飛行 晴天 強風 0.03 0.1 251 181 207 2 60  300000 225 20 5.23125 0.403 0.93 無性別
c 龍  強風  0.4 0.09 119 91 121 1.8 3.3 22 60000 60 5 3.12187505 0.2775 0.555 0.5
c 龍  強風  0.05 0.09 119 91 121 1.8 3.3 25 225000 225 5 3.12187505 0.2775 0.555 0.5
c 龍  強風  0.1 0.06 163 135 156 4 16.5 90 60000 60 5 5.625 0.375 1.125 0.5
c 龍  強風  0.05 0.06 163 135 156 4 16.5 100 225000 225 5 5.625 0.375 1.125 0.5
c 龍 飛行 強風  0.05 0.05 263 198 209 2.2 210  60000 60 5 4.5 0.6 1.05 0.5
c 龍 飛行 強風  0.05 0.05 263 198 209 2.2 210  225000 225 5 4.5 0.6 1.05 0.5
c 毒 飛行 陰天 強風 0.1 0.05 194 178 198 1.8 75  8000 20 1 5 0.364 1.5 0.5
c 毒 飛行 陰天 強風 0.05 0.05 194 178 198 1.8 75  30000 75 1 5 0.364 1.5 0.5
c 電  雨天  0.5 0.1 114 79 146 0.61 7.8 22 60000 60 5 3.375 0.3 0.6 0.5
c 電  雨天  0.05 0.1 114 79 146 0.61 7.8 25 225000 225 5 3.375 0.3 0.6 0.5
c 電  雨天  0.25 0.07 145 109 172 0.79 13.3 90 60000 60 5 3.2 0.25 0.4 0.5
c 電  雨天  0.05 0.07 145 109 172 0.79 13.3 100 225000 225 5 3.2 0.25 0.4 0.5
c 電  雨天  0.125 0.05 211 169 207 1.4 61.5  60000 60 5 4.44 0.37 0.9 0.5
c 電  雨天  0.05 0.05 211 169 207 1.4 61.5  225000 225 5 4.44 0.37 0.9 0.5
c 草  晴天  0.05 0.05 169 186 181 0.41 5.8  40000 40 3 2.775 0.15 0.35 0.5
c 草  晴天  0.05 0.05 169 186 181 0.41 5.8  150000 150 3 2.775 0.15 0.35 0.5
c 水  雨天  0.1 0.05 174 179 207 1.09 33.9  40000 40 3 4.5 0.4 0.95 0.5
c 水  雨天  0.05 0.05 174 179 207 1.09 33.9  150000 150 3 4.5 0.4 0.95 0.5
c 惡 飛行 起霧 強風 0.2 0.1 175 87 155 0.51 2.1 90 40000 40 3 2.775 0.15 0.3 0.5
c 惡 飛行 起霧 強風 0.05 0.1 175 87 155 0.51 2.1 100 150000 150 3 2.775 0.15 0.3 0.5
c 超能力  強風  0.25 0.07 60 106 382 1.3 28.5  40000 40 3 4.3125 0.4 0.91 0.5
c 超能力  強風  0.05 0.07 60 106 382 1.3 28.5  150000 150 3 4.3125 0.4 0.91 0.5
c 鋼 地面 下雪 晴天 0.1 0.05 148 272 181 9.19 400  60000 60 5 6 1 1 0.5
c 鋼 地面 下雪 晴天 0.05 0.05 148 272 181 9.19 400  225000 75 5 6 1 1 0.5
c 蟲 鋼 雨天 下雪 0.05 0.05 236 181 172 2.01 125  60000 60 5 4 0.5 0.1 0.5
c 蟲 鋼 雨天 下雪 0.05 0.05 236 181 172 2.01 125  225000 225 5 4 0.5 0.1 0.5
c 惡 冰 起霧 下雪 0.2 0.07 189 146 146 0.89 28 90 40000 40 3 3.42 0.25 0.25 0.5
c 惡 冰 起霧 下雪 0.05 0.07 189 146 146 0.89 28 100 150000 75 3 3.42 0.25 0.25 0.5
c 惡 火 起霧 晴天 0.4 0.1 152 83 128 0.61 10.8 45 40000 40 3 3 0.2 0.45 0.5
c 惡 火 起霧 晴天 0.05 0.1 152 83 128 0.61 10.8 50 150000 150 3 3 0.2 0.45 0.5
c 惡 火 起霧 晴天 0.15 0.06 224 144 181 1.4 35  40000 40 3 4.5 0.4 0.8 0.5
c 惡 火 起霧 晴天 0.05 0.06 224 144 181 1.4 35  150000 150 3 4.5 0.4 0.8 0.5
c 一般  多雲  0.05 0.05 198 180 198 0.61 32.5 90 40000 40 3 3.75 0.25 0.7 無性別
c 一般  多雲  0.05 0.05 198 180 198 0.61 32.5 100 150000 75 3 3.75 0.25 0.7 無性別
c 岩石 地面 多雲 晴天 0.4 0.1 115 93 137 0.61 72 22 60000 60 5 2.9 0.2 0.5 0.5
c 岩石 地面 多雲 晴天 0.05 0.1 115 93 137 0.61 72 25 225000 225 5 2.9 0.2 0.5 0.5
c 岩石 地面 多雲 晴天 0.1 0.07 155 133 172 1.19 152 90 60000 60 5 3.7 0.6 1.2 0.5
c 岩石 地面 多雲 晴天 0.05 0.07 155 133 172 1.19 152 100 225000 225 5 3.7 0.6 1.2 0.5
c 岩石 惡 多雲 起霧 0.05 0.04 251 207 225 2.01 202  60000 60 5 4.3 0.65 0.91 0.5
c 岩石 惡 多雲 起霧 0.05 0.04 251 207 225 2.01 202  225000 225 5 4.3 0.65 0.91 0.5
c 水  雨天  0.2 0.1 126 93 137 0.41 7.6 22 8000 20 3 3 0.2 0.6 0.875
c 水  雨天  0.05 0.1 126 93 137 0.41 7.6 25 30000 75 3 3 0.2 0.6 0.875
c 水 地面 雨天 晴天 0.1 0.07 156 133 172 0.71 28 90 8000 20 3 3 0.2 0.4 0.875
c 水 地面 雨天 晴天 0.05 0.07 156 133 172 0.71 28 100 30000 75 3 3 0.2 0.4 0.875
c 水 地面 雨天 晴天 0.05 0.05 208 175 225 1.5 81.9  8000 20 3 5 0.4 0.8 0.875
c 水 地面 雨天 晴天 0.05 0.05 208 175 225 1.5 81.9  30000 75 3 5 0.4 0.8 0.875
c 草  晴天  0.5 0.2 71 77 120 0.51 4 22 40000 40 3 3 0.25 0.6 0.5
c 草  晴天  0.05 0.2 71 77 120 0.51 4 25 150000 150 3 3 0.25 0.6 0.5
c 草 惡 晴天 起霧 0.25 0.09 134 78 172 0.99 28 90 40000 40 3 4 0.25 0.6 0.5
c 草 惡 晴天 起霧 0.05 0.09 134 78 172 0.99 28 100 150000 150 3 4 0.25 0.6 0.5
c 草 惡 晴天 起霧 0.125 0.06 200 121 207 1.3 59.6  40000 40 3 5 0.6 0.8 0.5
c 草 惡 晴天 起霧 0.05 0.06 200 121 207 1.3 59.6  150000 150 3 5 0.6 0.8 0.5
c 超能力 妖精 強風 陰天 0.4 0.09 79 59 99 0.41 6.6 22 60000 60 5 3 0.15 0.6 0.5
c 超能力 妖精 強風 陰天 0.05 0.09 79 59 99 0.41 6.6 25 225000 225 5 3 0.15 0.6 0.5
c 超能力 妖精 強風 陰天 0.1 0.06 117 90 116 0.79 20.2 90 60000 60 5 4 0.25 0.6 0.5
c 超能力 妖精 強風 陰天 0.05 0.06 117 90 116 0.79 20.2 100 225000 225 5 4 0.25 0.6 0.5
c 超能力 妖精 強風 陰天 0.05 0.05 237 195 169 1.6 48.4  60000 60 5 5 0.25 0.6 0.5
c 超能力 妖精 強風 陰天 0.05 0.05 237 195 169 1.6 48.4  225000 225 5 5 0.25 0.6 0.5
c 惡 幽靈 起霧  0.2 0.07 141 136 137 0.51 11  60000 60 5 3.12 0.15 0.6 0.5
c 惡 幽靈 起霧  0.05 0.07 141 136 137 0.51 11  225000 225 5 3.12 0.15 0.6 0.5
c 地面  晴天  0.4 0.09 162 78 128 0.71 15 22 60000 60 5 3 0.25 0.6 0.5
c 地面  晴天  0.05 0.09 162 78 128 0.71 15 25 225000 225 5 3 0.25 0.6 0.5
c 地面 龍 晴天 強風 0.1 0.06 134 99 137 1.09 15.3 90 60000 60 5 3 0.25 0.6 0.5
c 地面 龍 晴天 強風 0.05 0.06 134 99 137 1.09 15.3 100 225000 225 5 3 0.25 0.6 0.5
c 地面 龍 晴天 強風 0.05 0.05 205 168 190 2.01 82  60000 60 5 5 0.4 1 0.5
c 地面 龍 晴天 強風 0.05 0.05 205 168 190 2.01 82  225000 225 5 5 0.4 1 0.5
c 草  晴天  0.5 0.1 156 74 137 0.41 51.3 45 40000 40 3 3 0.3 0.6 0.5
c 草  晴天  0.05 0.1 156 74 137 0.41 51.3 50 150000 150 3 3 0.3 0.6 0.5
c 草 惡 晴天 起霧 0.2 0.06 221 115 172 1.3 77.4  40000 40 3 4 0.4 0.6 0.5
c 草 惡 晴天 起霧 0.05 0.06 221 115 172 1.3 77.4  150000 150 3 4 0.4 0.6 0.5
c 幽靈  起霧  0.4 0.1 138 65 127 0.61 2.3 45 40000 40 3 5 0.25 0.6 0.5
c 幽靈  起霧  0.05 0.1 138 65 127 0.61 2.3 50 150000 150 3 5 0.25 0.6 0.5
c 幽靈  起霧  0.2 0.07 218 126 162 1.09 12.5  40000 40 3 5 0.25 0.6 0.5
c 幽靈  起霧  0.05 0.07 218 126 162 1.09 12.5  150000 150 3 5 0.25 0.6 0.5
c 幽靈  起霧  0.4 0.1 70 162 85 0.79 15 22 40000 40 3 4 0.25 0.6 0.5
c 幽靈  起霧  0.05 0.1 70 162 85 0.79 15 25 150000 150 3 4 0.25 0.6 0.5
c 幽靈  起霧  0.2 0.07 124 234 120 1.6 30.6 90 40000 40 3 4.5 0.6 0.8 0.5
c 幽靈  起霧  0.05 0.07 124 234 120 1.6 30.6 100 150000 150 3 4.5 0.6 0.8 0.5
c 草  晴天  0.2 0.1 119 110 146 0.4 10.2 22 8000 20 3 1.89 0.1 0.1 0.875
c 草  晴天  0.05 0.1 119 110 146 0.4 10.2 25 10000 75 3 1.89 0.1 0.1 0.875
c 草  晴天  0.1 0.07 157 143 181 1.1 97 90 8000 20 3 3.2 0.6 1 0.875
c 草  晴天  0.05 0.07 157 143 181 1.1 97 100 10000 75 3 3.2 0.6 1 0.875
c 草 地面 晴天  0.05 0.05 202 188 216 2.2 310  8000 20 3 5 0.9 0.7 0.875
c 草 地面 晴天  0.05 0.05 202 188 216 2.2 310  10000 75 3 5 0.9 0.7 0.875
c 火  晴天  0.2 0.1 113 86 127 0.5 6.2 22 8000 20 3 2 0.1 0.252 0.875
c 火  晴天  0.05 0.1 113 86 127 0.5 6.2 25 30000 150 3 2 0.1 0.252 0.875
c 火 格鬥 晴天 陰天 0.1 0.07 158 105 162 0.9 22 90 8000 20 3 3.94875 0.189 0.252 0.875
c 火 格鬥 晴天 陰天 0.05 0.07 158 105 162 0.9 22 100 30000 225 3 3.94875 0.189 0.252 0.875
c 火 格鬥 晴天 陰天 0.05 0.05 222 151 183 1.2 55  8000 20 3 4.5 0.35 0.252 0.875
c 火 格鬥 晴天 陰天 0.05 0.05 222 151 183 1.2 55  30000 225 3 4.5 0.35 0.252 0.875
c 惡 飛行 起霧 強風 0.1 0.07 243 103 225 0.9 27.3  40000 40 3 5.5 0.255 0.252 0.5
c 惡 飛行 起霧 強風 0.05 0.07 243 103 225 0.9 27.3  150000 225 3 5.5 0.255 0.252 0.5
c 龍 地面 強風 晴天 0.4 0.09 124 84 151 0.7 20.5 22 60000 60 5 2.5 0.3 0.252 0.5
c 龍 地面 強風 晴天 0.05 0.09 124 84 151 0.7 20.5 25 225000 150 5 2.5 0.3 0.252 0.5
c 龍 地面 強風 晴天 0.1 0.06 172 125 169 1.4 56 90 60000 60 5 3.5 0.4 0.252 0.5
c 龍 地面 強風 晴天 0.05 0.06 172 125 169 1.4 56 100 225000 150 5 3.5 0.4 0.252 0.5
c 龍 地面 強風 晴天 0.05 0.05 261 193 239 1.9 95  60000 60 5 5 0.5 1.2 0.5
c 龍 地面 強風 晴天 0.05 0.05 261 193 239 1.9 95  225000 150 5 5 0.5 1.2 0.5
c 地面  晴天  0.4 0.1 124 118 169 0.8 49.5 45 40000 40 3 3 0.25 0.252 0.5
c 地面  晴天  0.05 0.1 124 118 169 0.8 49.5 50 150000 150 3 3 0.25 0.252 0.5
c 地面  晴天  0.15 0.08 201 191 239 2 300  40000 40 3 5 0.8 0.252 0.5
c 地面  晴天  0.05 0.08 201 191 239 2 300  150000 150 3 5 0.8 0.252 0.5
c 惡 冰 起霧 下雪 0.15 0.09 243 171 172 1.1 34  40000 40 3 4 0.1 0.1 0.5
c 惡 冰 起霧 下雪 0.05 0.09 243 171 172 1.1 34  150000 150 3 4 0.1 0.1 0.5
c 電 鋼 雨天 下雪 0.125 0.05 238 205 172 1.2 180  40000 40 3 6 0.4 2 無性別
c 電 鋼 雨天 下雪 0.05 0.05 238 205 172 1.2 180  150000 50 3 6 0.4 2 無性別
c 地面 岩石 晴天 多雲 0.05 0.05 241 190 251 2.4 282.8  40000 40 3 6 0.7 2 0.5
c 地面 岩石 晴天 多雲 0.05 0.05 241 190 251 2.4 282.8  150000 50 3 6 0.7 2 0.5
c 電  雨天  0.15 0.1 249 163 181 1.8 138.6  60000 60 5 5 0.4 0.252 0.75
c 電  雨天  0.05 0.1 249 163 181 1.8 138.6  225000 225 5 5 0.4 0.252 0.75
c 火  晴天  0.15 0.1 247 172 181 1.6 68  60000 60 5 5 0.4 0.8 0.75
c 火  晴天  0.05 0.1 247 172 181 1.6 68  225000 225 5 5 0.4 0.8 0.75
c 一般  多雲  0.05 0.05 264 150 198 0.9 34  40000 40 3 3 0.12 0.252 無性別
c 一般  多雲  0.05 0.05 264 150 198 0.9 34  150000 50 3 3 0.12 0.252 無性別
c 超能力 格鬥 強風 陰天 0.5 0.05 237 195 169 1.6 52  60000 60 5 2.25 0.189 0.252 全男性
c 超能力 格鬥 強風 陰天 0.05 0.05 237 195 169 1.6 52  225000 225 5 2.25 0.189 0.252 全男性
c 幽靈  起霧  0.1 0.05 180 254 128 2.2 106.6  40000 40 3 6 0.7 0.5 0.5
c 幽靈  起霧  0.05 0.05 180 254 128 2.2 106.6  150000 150 3 6 0.7 0.5 0.5
